7.482539396733045578e-03
6.577982341377889078e-03
6.030755142357198569e-03
5.814624634528507870e-03
5.903357652749352535e-03
6.270721031877264651e-03
6.890481606769785841e-03
7.736406212284446457e-03
8.782261683278783787e-03
1.000181485461033339e-02
1.136883256113662907e-02
1.285708163771520293e-02
1.444032891920359919e-02
1.609234124045934994e-02
1.778688543633998032e-02
1.949772834170303976e-02
2.119863679140605167e-02
2.286337762030656723e-02
2.446571766326210984e-02
2.597942375513020985e-02
2.779005869927198349e-02
3.251049874734697476e-02
4.350321308682304072e-02
6.413123578303976668e-02
9.775617048141152510e-02
1.458414535866082717e-01
2.042103757382243145e-01
2.676434514503809314e-01
3.309211952371994281e-01
3.888241216128009992e-01
4.364072831261926466e-01
4.793983984325589365e-01
5.373893569488068511e-01
6.308986139595829101e-01
7.803361106815638326e-01
9.831068059219610911e-01
1.185288504338562809e+00
1.326156142184764075e+00
1.375095428188316315e+00
1.368673181361739211e+00
1.352546265238113277e+00
1.372371543350519474e+00
1.473369762536474115e+00
1.667019159373062553e+00
1.907602073437753454e+00
2.143860547027343078e+00
2.324536622438626132e+00
2.411048217941909044e+00
2.433374265474911535e+00
2.444567616614379713e+00
2.497698510969940333e+00
2.645665323574018402e+00
2.904931139091666559e+00
3.210667097170172291e+00
3.487045004515729740e+00
3.658236667834533051e+00
3.655465556820454154e+00
3.482753796092633358e+00
3.187070810507117269e+00
2.816091379784558590e+00
2.420946440530537647e+00
2.056223086235566377e+00
1.776658678080804910e+00
1.636990577247412704e+00
1.691956144916549665e+00
1.996292742269375697e+00
2.604737730487051373e+00
3.570795549260584512e+00
4.919613444007483238e+00
6.647981465871755979e+00
8.751456744507262187e+00
1.122559640956786353e+01
1.406595759070740925e+01
1.726809741757976724e+01
2.082757301983878762e+01
2.473994152713832761e+01
2.900114641823609674e+01
3.361111969135539823e+01
3.857214635719160611e+01
4.388288505931245709e+01
4.939983714025275674e+01
5.479483658043383087e+01
5.972737572964067709e+01
6.385694693765833563e+01
6.684304255427178987e+01
6.834515492926608715e+01
6.802891833482290451e+01
6.603516985373802584e+01
6.331024831719623336e+01
6.087851771868047734e+01
5.976434205167360858e+01
6.099208530965852049e+01
6.558611148611809938e+01
7.457078457453525289e+01
8.883789064066345986e+01
1.079105322456213258e+02
1.305043621224612309e+02
1.553245968408283488e+02
1.810764529703677397e+02
2.064651470807245630e+02
2.301975142225078628e+02
2.513235074106789853e+02
2.696586211561363484e+02
2.851219327514694442e+02
2.976325194892680202e+02
3.071094586621217104e+02
3.134718275626199784e+02
3.166387034833525718e+02
3.165291637169090109e+02
3.130622855558789297e+02
3.061571462928520759e+02
2.957894235016495941e+02
2.825191142774971240e+02
2.672509328803230915e+02
2.508940489857794489e+02
2.343576322695184899e+02
2.185508524071924512e+02
2.043828790744535127e+02
1.927628819469537120e+02
1.845929162368393293e+02
1.802245884798107909e+02
1.790764564976889801e+02
1.804766980759037551e+02
1.837534909998849457e+02
1.882350130550624101e+02
1.932494420268660065e+02
1.981249557007255078e+02
2.021897318620708575e+02
2.047719482963317432e+02
2.052052264536304449e+02
2.032443661375033628e+02
1.993580936950197611e+02
1.940842901765622059e+02
1.879608366325130646e+02
1.815256141132547896e+02
1.753165036691696912e+02
1.698713863506404209e+02
1.656444673109979249e+02
1.626373672562839658e+02
1.606993915079216038e+02
1.596797306055818524e+02
1.594275750889358960e+02
1.597921154976548621e+02
1.606225423714098497e+02
1.617680462498719578e+02
1.630778176727123707e+02
1.644010471796021875e+02
1.655869253102124787e+02
1.664846426042144287e+02
1.669433896012790797e+02
1.668123568410777011e+02
1.659407348632812500e+02
1.642205356871460538e+02
1.617150572502685861e+02
1.585304189698304924e+02
1.547727402630135316e+02
1.505481405469991785e+02
1.459627392389691920e+02
1.411226557561051891e+02
1.361340095155887582e+02
1.311029199346015730e+02
1.261355064303253073e+02
1.213378884199415637e+02
1.168161853206320302e+02
1.126683137619556589e+02
1.089075079508133399e+02
1.054970440085560028e+02
1.023995523560509895e+02
9.957766341416576950e+01
9.699400760376774144e+01
9.461121534572428970e+01
9.239191706090295497e+01
9.029874317017099372e+01
8.829432409439597507e+01
8.634129025444525496e+01
8.440227207118623198e+01
8.243989996548637578e+01
8.041765881415909689e+01
7.831868598077618060e+01
7.614577131566784374e+01
7.390255912511020142e+01
7.159269371537946824e+01
6.921981939275178775e+01
6.678758046350333188e+01
6.429962123391032947e+01
6.175958601024888850e+01
5.917111909879522358e+01
5.653786480582546403e+01
5.386346743761585287e+01
5.115157130044250522e+01
4.840582070058163566e+01
4.562985994430937353e+01
4.282733333790193342e+01
4.000188518763546597e+01
3.715715979978616446e+01
3.429680148063020084e+01
3.142445453644373998e+01
2.854411928859525460e+01
2.567363614516664683e+01
2.284882427640126323e+01
2.010670440347898236e+01
1.748429724757970050e+01
1.501862352988328198e+01
1.274670397156962487e+01
1.070555929381861127e+01
8.932210217810123254e+00
7.463666305261074108e+00
6.322128510525296896e+00
5.485796025460292213e+00
4.924732793417401666e+00
4.609002757747960644e+00
4.508669861803307199e+00
4.593798048934774947e+00
4.834451262493700163e+00
5.200693445831420902e+00
5.662588542299276106e+00
6.190200495248598500e+00
6.753593248030726137e+00
7.322830743996995295e+00
7.867976926498744028e+00
8.359095738887305060e+00
8.767175926192209090e+00
9.084476672041258638e+00
9.324527598660553807e+00
9.501783129954375795e+00
9.630697689827009356e+00
9.725725702182737464e+00
9.801321590925843097e+00
9.871939779960609229e+00
9.952034693191317061e+00
1.005606075452225134e+01
1.019847238785769328e+01
1.039372401710192939e+01
1.065627006615923555e+01
1.100056495893390363e+01
1.144106311933020947e+01
1.199221897125244141e+01
1.266350071810357214e+01
1.344443168128136534e+01
1.431954896168225488e+01
1.527338966020274214e+01
1.629049087773925564e+01
1.735538971518826656e+01
1.845262327344622122e+01
1.956672865340956946e+01
2.068224295597478246e+01
2.178370328203831008e+01
2.285564673249660572e+01
2.388261040824612635e+01
2.484913141018333604e+01
2.573974683920467754e+01
2.653920300832393764e+01
2.724037935161566182e+01
2.784672051507898871e+01
2.836237723560902779e+01
2.879150025010086722e+01
2.913824029544959870e+01
2.940674810855033883e+01
2.960117442629818285e+01
2.972566998558822249e+01
2.978438552331555655e+01
2.978147177637528031e+01
2.972107948166249258e+01
2.960735937607230994e+01
2.944446219649980989e+01
2.923653867984011256e+01
2.898773956298827770e+01
2.870218630595412179e+01
2.838388326120613314e+01
2.803680550432748575e+01
2.766492811090137494e+01
2.727222615651097470e+01
2.686267471673946261e+01
2.644024886717003753e+01
2.600892368338586280e+01
2.557267424097012665e+01
2.513547561550601728e+01
2.470130288257670514e+01
2.427413111776537846e+01
2.385793539665521834e+01
2.345669079482941299e+01
2.307415060989625033e+01
2.271242906161845809e+01
2.237290573021694584e+01
2.205695673063179996e+01
2.176595817780308550e+01
2.150128618667086400e+01
2.126431687217520405e+01
2.105642634925618495e+01
2.087899073285386820e+01
2.073338613790831886e+01
2.062098867935961266e+01
2.054317447214781467e+01
2.050131963121299705e+01
2.049680027149522843e+01
2.053099250793457387e+01
2.060391699257114340e+01
2.071017252584522339e+01
2.084300244529712032e+01
2.099565008846716907e+01
2.116135879289567256e+01
2.133337189612295859e+01
2.150493273568936203e+01
2.166928464913517161e+01
2.181967097400072220e+01
2.194933504782634515e+01
2.205152020815234337e+01
2.211946979251904466e+01
2.214642713846676259e+01
2.212563558353582494e+01
2.205033846526653818e+01
2.191398151509670100e+01
2.171787852722797751e+01
2.147356418768393382e+01
2.119325626189209189e+01
2.088917251527995234e+01
2.057353071327502647e+01
2.025854862130482559e+01
1.995644400479686453e+01
1.967943462917865105e+01
1.943973825987769644e+01
1.924957266232150843e+01
1.912115560193760544e+01
1.906670484415348099e+01
1.909843815439665704e+01
1.922857329809464133e+01
1.946932804067494871e+01
1.983287979734580375e+01
2.032285173682769752e+01
2.092378137412084271e+01
2.161762381019140733e+01
2.238633414600557003e+01
2.321186748252949528e+01
2.407617892072937948e+01
2.496122356157137290e+01
2.584895650602166839e+01
2.672133285504643396e+01
2.756030770961183762e+01
2.834783617068405093e+01
2.906587333922927030e+01
2.969637431621364954e+01
3.022129420260337440e+01
3.062359253476673615e+01
3.090125817879298253e+01
3.106384960855150723e+01
3.112122290840123284e+01
3.108323416270110684e+01
3.095973945581005893e+01
3.076059487208701881e+01
3.049565649589091620e+01
3.017478041158070212e+01
2.980782270351528140e+01
2.940463945605361218e+01
2.897508675355462415e+01
2.852902068037723282e+01
2.807629732088038921e+01
2.762677275942301947e+01
2.719002426689539575e+01
2.676921640440809824e+01
2.636110102329213589e+01
2.596215116140981749e+01
2.556883985662342695e+01
2.517764014679528017e+01
2.478502506978768238e+01
2.438746766346292816e+01
2.398144096568332273e+01
2.356341801431117844e+01
2.312987184720879696e+01
2.267727550223846933e+01
2.220210201726251142e+01
2.170082443014322848e+01
2.116991577874290442e+01
2.060584910092387290e+01
2.000550664414582513e+01
1.936999517827202411e+01
1.870291371470799291e+01
1.800789347669341822e+01
1.728856568746800093e+01
1.654856157027143837e+01
1.579151234834342432e+01
1.502104924492367566e+01
1.424080348325187551e+01
1.345440628656772830e+01
1.266548887811092605e+01
1.187768248112117853e+01
1.109461831883817773e+01
1.031992742690581011e+01
9.556991901321575611e+00
8.808454147784786414e+00
8.076819814645689988e+00
7.364594550254527583e+00
6.674284002961547557e+00
6.008393821116993827e+00
5.369429653071112973e+00
4.759897147174147136e+00
4.182301951776344673e+00
3.639149715227947723e+00
3.132946085879203313e+00
2.666196712080355358e+00
2.241407242181650883e+00
1.861083324533332695e+00
1.527730607485647152e+00
1.243854739388838837e+00
1.011921149485577098e+00
8.312834997694464878e-01
6.960207907553250806e-01
5.997010913322248227e-01
5.358924703891571051e-01
4.981629968151333188e-01
4.800807394991654098e-01
4.752137673302646026e-01
4.771301491974424547e-01
4.796373737058762798e-01
4.801253578063334748e-01
4.787417788839339883e-01
4.757052534989585912e-01
4.712343982116877217e-01
4.655478295824020396e-01
4.588641641713817054e-01
4.514020185389075457e-01
4.433800092452598873e-01
4.350167528507193904e-01
4.265308659155665483e-01
4.181409650000816880e-01
4.100656666645454695e-01
4.025235874692382199e-01
3.957333439744408210e-01
3.899135527404334334e-01
3.852828303274967725e-01
3.820597932959113319e-01
3.804630582059574384e-01
3.807112416179156966e-01
3.830229600920667110e-01
3.875865231356016016e-01
3.942773619029741328e-01
4.027863261086860880e-01
4.128018797808445939e-01
4.240124869475566660e-01
4.361066116369294865e-01
4.487727178770700154e-01
4.616992696960857123e-01
4.745747311220832598e-01
4.870875661831700620e-01
4.989262389074530235e-01
5.097792133230394374e-01
5.193349534580361526e-01
5.272819233405505734e-01
5.333085869986894378e-01
5.371040520691624520e-01
5.384938712123555904e-01
5.376080239575199426e-01
5.346176807844496004e-01
5.296940121729392104e-01
5.230081886027837523e-01
5.147313805537773179e-01
5.050347585057145539e-01
4.940894929383902734e-01
4.820667543315988457e-01
4.691377131651348620e-01
4.554735399187928580e-01
4.412454050723677024e-01
4.266244791056537089e-01
4.117819324984454132e-01
3.968889357305374066e-01
3.821162055253349843e-01
3.675993513063283702e-01
3.534144731868132938e-01
3.396319068933594254e-01
3.263219881525361021e-01
3.135550526909130498e-01
3.014014362350598830e-01
2.899314745115458281e-01
2.792155032469408327e-01
2.693238581678141785e-01
2.603268750007355914e-01
2.522948894722744639e-01
2.452982373090004942e-01
2.394072542374832413e-01
2.346922759842921813e-01
2.312236382759969289e-01
2.290716768391670155e-01
2.282850274066771379e-01
2.287949552379605067e-01
2.304932250552307327e-01
2.332715718139061756e-01
2.370217304694052785e-01
2.416354359771464289e-01
2.470044232925480698e-01
2.530204273710285889e-01
2.595751831680063182e-01
2.665604256388997007e-01
2.738678897391271794e-01
2.813893104241071974e-01
2.890164226492580868e-01
2.966412322470215468e-01
3.041662753941209441e-01
3.115077675569573601e-01
3.185828384118853940e-01
3.253086176352598669e-01
3.316022349034355998e-01
3.373808198927671920e-01
3.425615022796094089e-01
3.470614117403169052e-01
3.507976779512446686e-01
3.536874305887472980e-01
3.556477993291793371e-01
3.565959138488957736e-01
3.564489038242512620e-01
3.551238989316004568e-01
3.525380288472982349e-01
3.486084232476993061e-01
3.432522118091583252e-01
3.364293392986381637e-01
3.282710108455340614e-01
3.189512466698494197e-01
3.086440669915875290e-01
2.975234920307516240e-01
2.857635420073453281e-01
2.735382371413718205e-01
2.610215976528344473e-01
2.483876437617365818e-01
2.358103956880815699e-01
2.234638736518727020e-01
2.115220978731133517e-01
2.001590885718070312e-01
1.895488659679568366e-01
1.798452885426991832e-01
1.710532069258556831e-01
1.631106859872507864e-01
1.559554755695390649e-01
1.495253255153751459e-01
1.437579856674137679e-01
1.385912058683093917e-01
1.339627359607166723e-01
1.298103257872902649e-01
1.260717251906848801e-01
1.226846840135549094e-01
1.195869520985552020e-01
1.167162792883402744e-01
1.140104154255647123e-01
1.114073000869210128e-01
1.088850964651261327e-01
1.065117119528004586e-01
1.043671969209868655e-01
1.025316017407282843e-01
1.010849767830676177e-01
1.001073724190477687e-01
9.967883901971165417e-02
9.987942695610213528e-02
1.007891865992621705e-01
1.024881683202345933e-01
1.050564224900624039e-01
1.085739994797884078e-01
1.131209496604556053e-01
1.187773234031068159e-01
1.256217599039369526e-01
1.336237152384887883e-01
1.425675725142682704e-01
1.522197876916374926e-01
1.623468167309586041e-01
1.727151155925935599e-01
1.830911402369045093e-01
1.932413466242534905e-01
2.029321907150025694e-01
2.119301284695137844e-01
2.200016158481493123e-01
2.269131088112711359e-01
2.324310633192413766e-01
2.363219353324220451e-01
2.383521808111752072e-01
2.382883929804834600e-01
2.360793152167643960e-01
2.322149252951603571e-01
2.272852668991755254e-01
2.218803837123139999e-01
2.165903194180799629e-01
2.120051176999775411e-01
2.087148222415108889e-01
2.073094767261841609e-01
2.083791248375014560e-01
2.125138102589669564e-01
2.203035766740848445e-01
2.323384677663592468e-01
2.492085272192942902e-01
2.715037987163940736e-01
2.998143259411628625e-01
3.347301525771045894e-01
3.768413223077237140e-01
4.267378788165241965e-01
4.850098657870101082e-01
5.521493900927931797e-01
6.271831337483519953e-01
7.080096918097721348e-01
7.924986410190977271e-01
8.785195581183724567e-01
9.639420198496401193e-01
1.046635602954944178e+00
1.124469884176328760e+00
1.195314440255837773e+00
1.257038847935513903e+00
1.307512683957402277e+00
1.344605525063545803e+00
1.366315300630177587e+00
1.372560475745094211e+00
1.364737947689897535e+00
1.344282644156319151e+00
1.312629492836088430e+00
1.271213421420938294e+00
1.221469357602599448e+00
1.164832229072802372e+00
1.102736963523278657e+00
1.036618488645759673e+00
9.679117321319761214e-01
8.980516216736588175e-01
8.284730849625395743e-01
7.606110496903492058e-01
6.959004435488190810e-01
6.357761942296801250e-01
5.816645838857167350e-01
5.343229861193633523e-01
4.933749281104641282e-01
4.583341066737265379e-01
4.287142186238583896e-01
4.040289607755673806e-01
3.837920299435609861e-01
3.675171229425468478e-01
3.547179365872326628e-01
3.449081676923261841e-01
3.376015130725348312e-01
3.323116695425665235e-01
3.285523339171285140e-01
3.258372030109288331e-01
3.236799736386747894e-01
3.215943426150743578e-01
3.190940067548347914e-01
3.157253798148421109e-01
3.113726326722513482e-01
3.061191947820891546e-01
3.000510709855012115e-01
2.932542661236332004e-01
2.858147850376307475e-01
2.778186325686397007e-01
2.693518135578055195e-01
2.605003328462739409e-01
2.513501952751907020e-01
2.419874056857013178e-01
2.324979689189515808e-01
2.229678898160871447e-01
2.134831732182536357e-01
2.041298239665967351e-01
1.949938469022621246e-01
1.861612468663954856e-01
1.777128421286928994e-01
1.696759067912037844e-01
1.620461267700940011e-01
1.548187797091410411e-01
1.479891432521225347e-01
1.415524950428161677e-01
1.355041127249994592e-01
1.298392739424500952e-01
1.245532563389456365e-01
1.196413375582636718e-01
1.150987952441818590e-01
1.109209070404778008e-01
1.071029505909290996e-01
1.036386018915556456e-01
1.005050021433041424e-01
9.766953790523827394e-02
9.509946965919295614e-02
9.276205788700311872e-02
9.062456307050369142e-02
8.865424569152961787e-02
8.681836623191578617e-02
8.508418517349718158e-02
8.341896299810870608e-02
8.178996018758524778e-02
8.016443722376179193e-02
7.850965458847322664e-02
7.679287276355455105e-02
7.498135223084058387e-02
7.304235347216635199e-02
7.094313696936671576e-02
6.865097574855276441e-02
6.614978909025298615e-02
6.347295835575557377e-02
6.066300968364352064e-02
5.776246921249994504e-02
5.481386308090782644e-02
5.185971742745026231e-02
4.894255839071031539e-02
4.610491210927102068e-02
4.338930472171543401e-02
4.083826236662659731e-02
3.849431118258758722e-02
3.639997730818142485e-02
3.459778688199117991e-02
3.312631283787659253e-02
3.198331674548367254e-02
3.114248365939420102e-02
3.057718744897854057e-02
3.026080198360703993e-02
3.016670113265002007e-02
3.026825876547784358e-02
3.053884875146083838e-02
3.095184495996934973e-02
3.148062126037371594e-02
3.209855152204429268e-02
3.277900961435141480e-02
3.349536940666542756e-02
3.422100476835665539e-02
3.492928956879545743e-02
3.559359767735217894e-02
3.618730296339715824e-02
3.668377929630072670e-02
3.705748690163761933e-02
3.730787219768325752e-02
3.745936779541376993e-02
3.753749266200969575e-02
3.756776576465153950e-02
3.757570607051979872e-02
3.758683254679501262e-02
3.762666416065769959e-02
3.772071987928834330e-02
3.789451866986749684e-02
3.817357949957565777e-02
3.858342133559333753e-02
3.914956314510106145e-02
3.989752389527934096e-02
4.085109129132751676e-02
4.200814822954132555e-02
4.334663603302581908e-02
4.484398305837317827e-02
4.647761766217553547e-02
4.822496820102501608e-02
5.006346303151379407e-02
5.197053051023396014e-02
5.392359899377769522e-02
5.590009683873713858e-02
5.787745240170442257e-02
5.983309403927169340e-02
6.174445010803108341e-02
6.358894896457474577e-02
6.534401896549481281e-02
6.698708846738342382e-02
6.849558582683273888e-02
6.984693940043490423e-02
7.101857754478202445e-02
7.199010476144351856e-02
7.276359123526714157e-02
7.335436069879010257e-02
7.377790818459158129e-02
7.404972872525072969e-02
7.418531735334671362e-02
7.420016910145874056e-02
7.410977900216593472e-02
7.392964208804748971e-02
7.367525339168254361e-02
7.336210794565031779e-02
7.300570078252992257e-02
7.262152693490055155e-02
7.222508143534138447e-02
7.183185376733540461e-02
7.145690407874019656e-02
7.111456476372747526e-02
7.081909772239547429e-02
7.058476485484248275e-02
7.042582806116672034e-02
7.035654924146639289e-02
7.039119029583978948e-02
7.054401312438515759e-02
7.082927962720070303e-02
7.126125170438467327e-02
7.185419125603537127e-02
7.262236018225097511e-02
7.358002038312976001e-02
7.474143375876994566e-02
7.612243867049786616e-02
7.775514825867370361e-02
7.968127691002908908e-02
8.194266310591141744e-02
8.458114532766798643e-02
8.763856205664613541e-02
9.115675177419316211e-02
9.517755296165646139e-02
9.974280410038333100e-02
1.048943436717210964e-01
1.106740101570170415e-01
1.171236420376185750e-01
1.242850777948729946e-01
1.322001559101275980e-01
1.409107148647297802e-01
1.504391880074825438e-01
1.607303881570116832e-01
1.717097229993989893e-01
1.833026002207258642e-01
1.954344275070738768e-01
2.080306125445247067e-01
2.210165630191597841e-01
2.343176866170608441e-01
2.478593910243093723e-01
2.615670839269869652e-01
2.753661730111752193e-01
2.891820659629555923e-01
3.029401704684098195e-01
3.165658942136194143e-01
3.299846448846659452e-01
3.431218301676309257e-01
3.559028577485960354e-01
3.682531353136427876e-01
3.800980705488528621e-01
3.913630711403077722e-01
4.019804875501734043e-01
4.119202221831410604e-01
4.211648153915893977e-01
4.296968170515952368e-01
4.374987770392354536e-01
4.445532452305869242e-01
4.508427715017265247e-01
4.563499057287310756e-01
4.610571977876776195e-01
4.649471975546430325e-01
4.680024549057039129e-01
4.702055197169374701e-01
4.715389418644203579e-01
4.719852712242296189e-01
4.715270576724421292e-01
4.701563316467462506e-01
4.679629972544153693e-01
4.650946988161541173e-01
4.616998269359427476e-01
4.579267722177615130e-01
4.539239252655908330e-01
4.498396766834109606e-01
4.458224170752020377e-01
4.420205370449444837e-01
4.385824271966186072e-01
4.356564781342046611e-01
4.333910804616828982e-01
4.319346247830335717e-01
4.314355017022371008e-01
4.320421018232737387e-01
4.339023682072921106e-01
4.370693648351082761e-01
4.413844679281179184e-01
4.466604109664846778e-01
4.527099274303714727e-01
4.593457507999419431e-01
4.663806145553591742e-01
4.736272521767866395e-01
4.808983971443877570e-01
4.880067829383255562e-01
4.947651430387635663e-01
5.009862109258649276e-01
5.064827200797932250e-01
5.110674039807114877e-01
5.145529961087833559e-01
5.167522299441719147e-01
5.174870268866056389e-01
5.167167868359726635e-01
5.145067409138182057e-01
5.109248425882259026e-01
5.060390453272789468e-01
4.999173025990603092e-01
4.926275678716539597e-01
4.842377946131425914e-01
4.748159362916098969e-01
4.644299463751390689e-01
4.531477783318133556e-01
4.410373856297163386e-01
4.281667217369311551e-01
4.146037401215409424e-01
4.004163942516291153e-01
3.856726375952791996e-01
3.704475675441993854e-01
3.548900326083391787e-01
3.391923905001342221e-01
3.235475612816937629e-01
3.081484650151266602e-01
2.931880217625420504e-01
2.788591515860487924e-01
2.653547745477560227e-01
2.528678107097727112e-01
2.415911801342078835e-01
2.317178028831705372e-01
2.234405990187696978e-01
2.169524886031143629e-01
2.124463916983135303e-01
2.101152283664762532e-01
2.101519186697115571e-01
2.127252304134300276e-01
2.177545927996345221e-01
2.250123386331183140e-01
2.342688995206256564e-01
2.452947070689005526e-01
2.578601928846872005e-01
2.717357885747297974e-01
2.866919257457725689e-01
3.024990360045595184e-01
3.189275509578349266e-01
3.357479022123427415e-01
3.527305213748273549e-01
3.696458400520329368e-01
3.862642898507033795e-01
4.023563023775830749e-01
4.176923092394161374e-01
4.320476334778440841e-01
4.453877526661466080e-01
4.579251618399233781e-01
4.698888646275533598e-01
4.815078646574157961e-01
4.930111655578893748e-01
5.046277709573530057e-01
5.165866844841855432e-01
5.291169097667660637e-01
5.424474504334731995e-01
5.568073101126860269e-01
5.724254924327834004e-01
5.895310010221445074e-01
6.083528395091477581e-01
6.291200115221723399e-01
6.520615206895972182e-01
6.774063706398010254e-01
7.052614659911626838e-01
7.352453153220592785e-01
7.668543282008679629e-01
7.995849141959658901e-01
8.329334828757296583e-01
8.663964438085370867e-01
8.994702065627645515e-01
9.316511807067892059e-01
9.624357758089883141e-01
9.913204014377385853e-01
1.017801467161417506e+00
1.041375382548401785e+00
1.061538557167068353e+00
1.077787400585794808e+00
1.089618322372957859e+00
1.096527732096933994e+00
1.098017797059625655e+00
1.094036162538218449e+00
1.085285589899166903e+00
1.072541985049625834e+00
1.056581253896750061e+00
1.038179302347693955e+00
1.018112036309612334e+00
9.971553616896602357e-01
9.760851843949917006e-01
9.556774103327617675e-01
9.367079454101250313e-01
9.199526955342363088e-01
9.061875666122500839e-01
8.961884645513211733e-01
8.907312952586045052e-01
8.905919646412543411e-01
8.965463786064254981e-01
9.093282872903403202e-01
9.287018580977690618e-01
9.534616757020314415e-01
9.823601690055145941e-01
1.014149766910605210e+00
1.047582898319689537e+00
1.081411992135156153e+00
1.114389477259389860e+00
1.145267782594779016e+00
1.172799337043709755e+00
1.195736569508568881e+00
1.212834861047887847e+00
1.223475449822708061e+00
1.228435943850147094e+00
1.228682889140531920e+00
1.225182831704191067e+00
1.218902317551451508e+00
1.210807892692641330e+00
1.201866103138088615e+00
1.193043494898120782e+00
1.185306613983065471e+00
1.179622006403250545e+00
1.176956218169004087e+00
1.178275795290653516e+00
1.184547283778526694e+00
1.196737229642951039e+00
1.215812178894255080e+00
1.242738677542766013e+00
1.278483271598811477e+00
1.323663489400005444e+00
1.377500788593106318e+00
1.438867609152158611e+00
1.506636391051205948e+00
1.579679574264293063e+00
1.656869598765463136e+00
1.737078904528762235e+00
1.819179931528231986e+00
1.902045119737918677e+00
1.984546909131865489e+00
2.065557739684117156e+00
2.143950051368717524e+00
2.218596284159710663e+00
2.288368878031140863e+00
2.352140272957051970e+00
2.408782908911489162e+00
2.457169225868496287e+00
2.496284187934251886e+00
2.526274415051355415e+00
2.547971841774738788e+00
2.562217260244081363e+00
2.569851462599060721e+00
2.571715240979355777e+00
2.568649387524644112e+00
2.561494694374604641e+00
2.551091953668916723e+00
2.538281957547257939e+00
2.523905498149307203e+00
2.508803367614742541e+00
2.493662081336912806e+00
2.478551047723850154e+00
2.463385398437253127e+00
2.448080265138824263e+00
2.432550779490264325e+00
2.416712073153275853e+00
2.400479277789559163e+00
2.383767525060815018e+00
2.366491946628745069e+00
2.348567674155050966e+00
2.329909839301433472e+00
2.310433573729593792e+00
2.290054009101233135e+00
2.268686277078053148e+00
2.246245509321754152e+00
2.222646837494038685e+00
2.197805393256605733e+00
2.171636308271159610e+00
2.144054714199399303e+00
2.114975742703026462e+00
2.084314525443742738e+00
2.051986194083249337e+00
2.017905880283246578e+00
1.982001895247695877e+00
1.944714904885892937e+00
1.907151141991232812e+00
1.870461320312237330e+00
1.835796153597426761e+00
1.804306355595322708e+00
1.777142640054447664e+00
1.755455720723321011e+00
1.740396311350464353e+00
1.733115125684399738e+00
1.734762877473647213e+00
1.746490280466728606e+00
1.769398994104534939e+00
1.803462428752443003e+00
1.847525745700318023e+00
1.900385051930394642e+00
1.960836454424907505e+00
2.027676060166091698e+00
2.099699976136179647e+00
2.175704309317407326e+00
2.254485166692007603e+00
2.334838655242216898e+00
2.415560881950268968e+00
2.495447953798397567e+00
2.573295977768836451e+00
2.647901060843821597e+00
2.718059310005586759e+00
2.782566832236366583e+00
2.840219734518394823e+00
2.889814123833906123e+00
2.930182926892638928e+00
2.961005924136919987e+00
2.982809749741664795e+00
2.996157857609290875e+00
3.001613701642218857e+00
2.999740735742866260e+00
2.991102413813653271e+00
2.976262189756996968e+00
2.955783517475317090e+00
2.930229850871031605e+00
2.900164643846560697e+00
2.866151350304322332e+00
2.828753424146736251e+00
2.788534319276219087e+00
2.746057489595192358e+00
2.701886389006073141e+00
2.656584471411281623e+00
2.610715190713235323e+00
2.564840541481534064e+00
2.519409609165125463e+00
2.474680090416285783e+00
2.430891142955562856e+00
2.388281924503503184e+00
2.347091592780654601e+00
2.307559305507563607e+00
2.269924220404778925e+00
2.234425495192847055e+00
2.201302287592314499e+00
2.170793755323729535e+00
2.143139056107639995e+00
2.118577312467211371e+00
2.097300940001647795e+00
2.079363571038723713e+00
2.064793179015807389e+00
2.053617737370268870e+00
2.045865219539474644e+00
2.041563598960793868e+00
2.040740849071595697e+00
2.043424943309247510e+00
2.049643855111118018e+00
2.059425557914576377e+00
2.072798025156989965e+00
2.089789230275728382e+00
2.110427146708159007e+00
2.134739747891650996e+00
2.162755007263572171e+00
2.194500898261291688e+00
2.230005394322177814e+00
2.269296468883598372e+00
2.312367763522654496e+00
2.358699213462802646e+00
2.407375301759225650e+00
2.457470339064063758e+00
2.508058636029457666e+00
2.558214503307546739e+00
2.607012251550471671e+00
2.653526191410373158e+00
2.696830633539390565e+00
2.735999888589664586e+00
2.770108267213335473e+00
2.798230080062543035e+00
2.819439637789427522e+00
2.832811251046129186e+00
2.837419230484789168e+00
2.832337886757545942e+00
2.816641530516540648e+00
2.789404472413914871e+00
2.749701023101806641e+00
2.697131947426329557e+00
2.633403827009484388e+00
2.560749697667247471e+00
2.481402595215592477e+00
2.397595555470490858e+00
2.311561614247920726e+00
2.225533807363854866e+00
2.141745170634266504e+00
2.062428739875131090e+00
1.989817550902422516e+00
1.926144639532114899e+00
1.873643041580182800e+00
1.834505482381969310e+00
1.809357617338299473e+00
1.796789422578147333e+00
1.795254826358358313e+00
1.803207756935778061e+00
1.819102142567252667e+00
1.841391911509627111e+00
1.868530992019747039e+00
1.898973312354458765e+00
1.931172800770607045e+00
1.963583385525038638e+00
1.994658994874597635e+00
2.022853557076130571e+00
2.046621000386483313e+00
2.064415253062500621e+00
2.074690243361029030e+00
2.075899899538913296e+00
2.066498149852999955e+00
2.044938922560134209e+00
2.009749691926348891e+00
1.961149490429018316e+00
1.901048908756851397e+00
1.831432083607746009e+00
1.754283151679601360e+00
1.671586249670314883e+00
1.585325514277785786e+00
1.497485082199912387e+00
1.410049090134592786e+00
1.325001674779725747e+00
1.244326972833208700e+00
1.170009120992941520e+00
1.104032255956821418e+00
1.048148661021503836e+00
1.002397077940076375e+00
9.660482340740076390e-01
9.383692340753710948e-01
9.186271825962406545e-01
9.060891842886900083e-01
9.000223438047930680e-01
8.996937657966238566e-01
9.043705549162557311e-01
9.133198158157622704e-01
9.258086531472179415e-01
9.411041715626959903e-01
9.584734757142705508e-01
9.771836702540153130e-01
9.965018598340038558e-01
1.015695149106310424e+00
1.034030642723007931e+00
1.050775445336171288e+00
1.065196661597873407e+00
1.076595992615585251e+00
1.084792804977528169e+00
1.090004965184085295e+00
1.092460590537240206e+00
1.092387798338974703e+00
1.090014705891272584e+00
1.085569430496115428e+00
1.079280089455486591e+00
1.071374800071368982e+00
1.062081679645744625e+00
1.051628845480597096e+00
1.040244414877908419e+00
1.028156505139661725e+00
1.015593233567839482e+00
1.002782717464424378e+00
9.899530741313995463e-01
9.773324208707472316e-01
9.651488749844505666e-01
9.536305537744917959e-01
9.430049852990214365e-01
9.333747779237029363e-01
9.245638276814350798e-01
9.163583189998368850e-01
9.085444363065278139e-01
9.009083640291276618e-01
8.932362865952555575e-01
8.853143884325312962e-01
8.769288539685738959e-01
8.678658676310030406e-01
8.579116138474381925e-01
8.468522770454989246e-01
8.344740416528042548e-01
8.205636908626320336e-01
8.050349461877771562e-01
7.880847452973149814e-01
7.699483468624395144e-01
7.508610095543452045e-01
7.310579920442257240e-01
7.107745530032755221e-01
6.902459511026883821e-01
6.697074450136587531e-01
6.493942934073801965e-01
6.295417549550470504e-01
6.103850883278534312e-01
5.921595521969934550e-01
5.751004052336611272e-01
5.594429061090504529e-01
5.454223134943556595e-01
5.332738860607705300e-01
5.232328824794894029e-01
5.155345614217063943e-01
5.104141815586153985e-01
5.080919462761811500e-01
5.085627872850870812e-01
5.116482217143010214e-01
5.171653058675386161e-01
5.249310960485151778e-01
5.347626485609457969e-01
5.464770197085458969e-01
5.598912657950309013e-01
5.748224431241160115e-01
5.910876079995165400e-01
6.085038167249480212e-01
6.268881256041253236e-01
6.460575909407642037e-01
6.658294691281669841e-01
6.860287950423392678e-01
7.064907080834404995e-01
7.270510229539879354e-01
7.475455543564976102e-01
7.678101169934864467e-01
7.876805255674710349e-01
8.069925947809680755e-01
8.255821393364940475e-01
8.432849739365655406e-01
8.599369132836999219e-01
8.753737720804126710e-01
8.894313650292210438e-01
9.019455068326417413e-01
9.127520121931914643e-01
9.216866958133863585e-01
9.285853723957435690e-01
9.332838566427792415e-01
9.356179632570106319e-01
9.354235069409539971e-01
9.325566149154724815e-01
9.271773498611396436e-01
9.196797445772633139e-01
9.104638503871073096e-01
8.999297186139347815e-01
8.884774005810096575e-01
8.765069476115945335e-01
8.644184110289533374e-01
8.526118421563494421e-01
8.414872923170463315e-01
8.314448128343070454e-01
8.228844550313952899e-01
8.162062702315744378e-01
8.118095869705673762e-01
8.099405028254998973e-01
8.105032368668185772e-01
8.133557497623739030e-01
8.183560021800169171e-01
8.253619547875986617e-01
8.342315682529696241e-01
8.448228032439806245e-01
8.569936204284831494e-01
8.706019804743272417e-01
8.855058440493641658e-01
9.015631718214450752e-01
9.186319244584200128e-01
9.365700626281403540e-01
9.552355469984570302e-01
9.744863382372206395e-01
9.941803970122821132e-01
1.014175683991492383e+00
1.034330159842702379e+00
1.054501785233762368e+00
1.074548542405044715e+00
1.094357040331494835e+00
1.113898948436010450e+00
1.133161662508863854e+00
1.152132578340325564e+00
1.170799091720667651e+00
1.189148598440160409e+00
1.207168494289076799e+00
1.224846175057687558e+00
1.242169036536264759e+00
1.259124474515078029e+00
1.275699884784401217e+00
1.291882663134503950e+00
1.307660205355658967e+00
1.323020097069354195e+00
1.337952764334553235e+00
1.352450819784609903e+00
1.366506932299166976e+00
1.380113770757865232e+00
1.393264004040346560e+00
1.405950301026252403e+00
1.418165330595224649e+00
1.429901761626904744e+00
1.441152263000934131e+00
1.451909503596954032e+00
1.462166152294606558e+00
1.471914877973533597e+00
1.481148349513376372e+00
1.489859235793776104e+00
1.498040205694374682e+00
1.505683928094813551e+00
1.512783071874734375e+00
1.519330305913779045e+00
1.525318299091589225e+00
1.530739720287805472e+00
1.535587238382070119e+00
1.539853522254025053e+00
1.543531240783311276e+00
1.546613062849570452e+00
1.549091657332444472e+00
1.550959693111574333e+00
1.552209839066601926e+00
1.552834764077169138e+00
1.552827137022917636e+00
1.552179626783488198e+00
1.550884902238523155e+00
1.548935632267663287e+00
1.546324485750550926e+00
1.545093059539794922e+00
