# Age (yr) SFR (Msun/yr)
1.000000e+07 3.000000e+02
2.000000e+07 3.000000e+02
3.000000e+07 3.000000e+02
4.000000e+07 3.000000e+02
5.000000e+07 3.000000e+02
6.000000e+07 3.000000e+02
7.000000e+07 3.000000e+02
8.000000e+07 3.000000e+02
9.000000e+07 3.000000e+02
1.000000e+08 3.000000e+02
1.100000e+08 3.000000e+02
1.200000e+08 3.000000e+02
1.300000e+08 3.000000e+02
1.400000e+08 3.000000e+02
1.500000e+08 3.000000e+02
1.600000e+08 3.000000e+02
1.700000e+08 3.000000e+02
1.800000e+08 3.000000e+02
1.900000e+08 3.000000e+02
2.000000e+08 3.000000e+02
2.100000e+08 3.000000e+02
2.200000e+08 3.000000e+02
2.300000e+08 3.000000e+02
2.400000e+08 3.000000e+02
2.500000e+08 3.000000e+02
2.600000e+08 3.000000e+02
2.700000e+08 3.000000e+02
2.800000e+08 3.000000e+02
2.900000e+08 3.000000e+02
3.000000e+08 3.000000e+02
3.100000e+08 3.000000e+02
3.200000e+08 3.000000e+02
3.300000e+08 3.000000e+02
3.400000e+08 3.000000e+02
3.500000e+08 3.000000e+02
3.600000e+08 3.000000e+02
3.700000e+08 3.000000e+02
3.800000e+08 3.000000e+02
3.900000e+08 3.000000e+02
4.000000e+08 3.000000e+02
4.100000e+08 3.000000e+02
4.200000e+08 3.000000e+02
4.300000e+08 3.000000e+02
4.400000e+08 3.000000e+02
4.500000e+08 3.000000e+02
4.600000e+08 3.000000e+02
4.700000e+08 3.000000e+02
4.800000e+08 3.000000e+02
4.900000e+08 3.000000e+02
5.000000e+08 3.000000e+02
5.100000e+08 3.000000e+02
5.200000e+08 3.000000e+02
5.300000e+08 3.000000e+02
5.400000e+08 3.000000e+02
5.500000e+08 3.000000e+02
5.600000e+08 3.000000e+02
5.700000e+08 3.000000e+02
5.800000e+08 3.000000e+02
5.900000e+08 3.000000e+02
6.000000e+08 3.000000e+02
6.100000e+08 3.000000e+02
6.200000e+08 3.000000e+02
6.300000e+08 3.000000e+02
6.400000e+08 3.000000e+02
6.500000e+08 3.000000e+02
6.600000e+08 3.000000e+02
6.700000e+08 3.000000e+02
6.800000e+08 3.000000e+02
6.900000e+08 3.000000e+02
7.000000e+08 3.000000e+02
7.100000e+08 3.000000e+02
7.200000e+08 3.000000e+02
7.300000e+08 3.000000e+02
7.400000e+08 0.000000e+00
7.500000e+08 0.000000e+00
7.600000e+08 0.000000e+00
7.700000e+08 0.000000e+00
7.800000e+08 0.000000e+00
7.900000e+08 0.000000e+00
8.000000e+08 0.000000e+00
8.100000e+08 0.000000e+00
8.200000e+08 0.000000e+00
8.300000e+08 0.000000e+00
8.400000e+08 0.000000e+00
8.500000e+08 0.000000e+00
8.600000e+08 0.000000e+00
8.700000e+08 0.000000e+00
8.800000e+08 0.000000e+00
8.900000e+08 0.000000e+00
9.000000e+08 0.000000e+00
9.100000e+08 0.000000e+00
9.200000e+08 0.000000e+00
9.300000e+08 0.000000e+00
9.400000e+08 0.000000e+00
9.500000e+08 0.000000e+00
9.600000e+08 0.000000e+00
9.700000e+08 0.000000e+00
9.800000e+08 0.000000e+00
9.900000e+08 0.000000e+00
1.000000e+09 0.000000e+00
1.010000e+09 0.000000e+00
1.020000e+09 0.000000e+00
1.030000e+09 0.000000e+00
1.040000e+09 0.000000e+00
1.050000e+09 0.000000e+00
1.060000e+09 0.000000e+00
1.070000e+09 0.000000e+00
1.080000e+09 0.000000e+00
1.090000e+09 0.000000e+00
1.100000e+09 0.000000e+00
1.110000e+09 0.000000e+00
1.120000e+09 0.000000e+00
1.130000e+09 0.000000e+00
1.140000e+09 0.000000e+00
1.150000e+09 0.000000e+00
1.160000e+09 0.000000e+00
1.170000e+09 0.000000e+00
1.180000e+09 0.000000e+00
1.190000e+09 0.000000e+00
1.200000e+09 0.000000e+00
1.210000e+09 0.000000e+00
1.220000e+09 0.000000e+00
1.230000e+09 0.000000e+00
1.240000e+09 0.000000e+00
1.250000e+09 0.000000e+00
1.260000e+09 0.000000e+00
1.270000e+09 0.000000e+00
1.280000e+09 0.000000e+00
1.290000e+09 0.000000e+00
1.300000e+09 0.000000e+00
1.310000e+09 0.000000e+00
1.320000e+09 0.000000e+00
1.330000e+09 0.000000e+00
1.340000e+09 0.000000e+00
1.350000e+09 0.000000e+00
1.360000e+09 0.000000e+00
1.370000e+09 0.000000e+00
1.380000e+09 0.000000e+00
1.390000e+09 0.000000e+00
1.400000e+09 0.000000e+00
1.410000e+09 0.000000e+00
1.420000e+09 0.000000e+00
1.430000e+09 0.000000e+00
1.440000e+09 0.000000e+00
1.450000e+09 0.000000e+00
1.460000e+09 0.000000e+00
1.470000e+09 0.000000e+00
1.480000e+09 0.000000e+00
1.490000e+09 0.000000e+00
1.500000e+09 0.000000e+00
1.510000e+09 0.000000e+00
1.520000e+09 0.000000e+00
1.530000e+09 0.000000e+00
1.540000e+09 0.000000e+00
1.550000e+09 0.000000e+00
1.560000e+09 0.000000e+00
1.570000e+09 0.000000e+00
1.580000e+09 0.000000e+00
1.590000e+09 0.000000e+00
1.600000e+09 0.000000e+00
1.610000e+09 0.000000e+00
1.620000e+09 0.000000e+00
1.630000e+09 0.000000e+00
1.640000e+09 0.000000e+00
1.650000e+09 0.000000e+00
1.660000e+09 0.000000e+00
1.670000e+09 0.000000e+00
1.680000e+09 0.000000e+00
1.690000e+09 0.000000e+00
1.700000e+09 0.000000e+00
1.710000e+09 0.000000e+00
1.720000e+09 0.000000e+00
1.730000e+09 0.000000e+00
1.740000e+09 0.000000e+00
1.750000e+09 0.000000e+00
1.760000e+09 0.000000e+00
1.770000e+09 0.000000e+00
1.780000e+09 0.000000e+00
1.790000e+09 0.000000e+00
1.800000e+09 0.000000e+00
1.810000e+09 0.000000e+00
1.820000e+09 0.000000e+00
1.830000e+09 0.000000e+00
1.840000e+09 0.000000e+00
1.850000e+09 0.000000e+00
1.860000e+09 0.000000e+00
1.870000e+09 0.000000e+00
1.880000e+09 0.000000e+00
1.890000e+09 0.000000e+00
1.900000e+09 0.000000e+00
1.910000e+09 0.000000e+00
1.920000e+09 0.000000e+00
1.930000e+09 0.000000e+00
1.940000e+09 0.000000e+00
1.950000e+09 0.000000e+00
1.960000e+09 0.000000e+00
1.970000e+09 0.000000e+00
1.980000e+09 0.000000e+00
1.990000e+09 0.000000e+00
2.000000e+09 0.000000e+00
2.010000e+09 0.000000e+00
2.020000e+09 0.000000e+00
2.030000e+09 0.000000e+00
2.040000e+09 0.000000e+00
2.050000e+09 0.000000e+00
2.060000e+09 0.000000e+00
2.070000e+09 0.000000e+00
2.080000e+09 0.000000e+00
2.090000e+09 0.000000e+00
2.100000e+09 0.000000e+00
2.110000e+09 0.000000e+00
2.120000e+09 0.000000e+00
2.130000e+09 0.000000e+00
2.140000e+09 0.000000e+00
2.150000e+09 0.000000e+00
2.160000e+09 0.000000e+00
2.170000e+09 0.000000e+00
2.180000e+09 0.000000e+00
2.190000e+09 0.000000e+00
2.200000e+09 0.000000e+00
2.210000e+09 0.000000e+00
2.220000e+09 0.000000e+00
2.230000e+09 0.000000e+00
2.240000e+09 0.000000e+00
2.250000e+09 0.000000e+00
2.260000e+09 0.000000e+00
2.270000e+09 0.000000e+00
2.280000e+09 0.000000e+00
2.290000e+09 0.000000e+00
2.300000e+09 0.000000e+00
2.310000e+09 0.000000e+00
2.320000e+09 0.000000e+00
2.330000e+09 0.000000e+00
2.340000e+09 0.000000e+00
2.350000e+09 0.000000e+00
2.360000e+09 0.000000e+00
2.370000e+09 0.000000e+00
2.380000e+09 0.000000e+00
2.390000e+09 0.000000e+00
2.400000e+09 0.000000e+00
2.410000e+09 0.000000e+00
2.420000e+09 0.000000e+00
2.430000e+09 0.000000e+00
2.440000e+09 0.000000e+00
2.450000e+09 0.000000e+00
2.460000e+09 0.000000e+00
2.470000e+09 0.000000e+00
2.480000e+09 0.000000e+00
2.490000e+09 0.000000e+00
2.500000e+09 0.000000e+00
2.510000e+09 0.000000e+00
2.520000e+09 0.000000e+00
2.530000e+09 0.000000e+00
2.540000e+09 0.000000e+00
2.550000e+09 0.000000e+00
2.560000e+09 0.000000e+00
2.570000e+09 0.000000e+00
2.580000e+09 0.000000e+00
2.590000e+09 0.000000e+00
2.600000e+09 0.000000e+00
2.610000e+09 0.000000e+00
2.620000e+09 0.000000e+00
2.630000e+09 0.000000e+00
2.640000e+09 0.000000e+00
2.650000e+09 0.000000e+00
2.660000e+09 0.000000e+00
2.670000e+09 0.000000e+00
2.680000e+09 0.000000e+00
2.690000e+09 0.000000e+00
2.700000e+09 0.000000e+00
2.710000e+09 0.000000e+00
2.720000e+09 0.000000e+00
2.730000e+09 0.000000e+00
2.740000e+09 0.000000e+00
2.750000e+09 0.000000e+00
2.760000e+09 0.000000e+00
2.770000e+09 0.000000e+00
2.780000e+09 0.000000e+00
2.790000e+09 0.000000e+00
2.800000e+09 0.000000e+00
2.810000e+09 0.000000e+00
2.820000e+09 0.000000e+00
2.830000e+09 0.000000e+00
2.840000e+09 0.000000e+00
2.850000e+09 0.000000e+00
2.860000e+09 0.000000e+00
2.870000e+09 0.000000e+00
2.880000e+09 0.000000e+00
2.890000e+09 0.000000e+00
2.900000e+09 0.000000e+00
2.910000e+09 0.000000e+00
2.920000e+09 0.000000e+00
2.930000e+09 0.000000e+00
2.940000e+09 0.000000e+00
2.950000e+09 0.000000e+00
2.960000e+09 0.000000e+00
2.970000e+09 0.000000e+00
2.980000e+09 0.000000e+00
2.990000e+09 0.000000e+00
3.000000e+09 0.000000e+00
3.010000e+09 0.000000e+00
3.020000e+09 0.000000e+00
3.030000e+09 0.000000e+00
3.040000e+09 0.000000e+00
3.050000e+09 0.000000e+00
3.060000e+09 0.000000e+00
3.070000e+09 0.000000e+00
3.080000e+09 0.000000e+00
3.090000e+09 0.000000e+00
3.100000e+09 0.000000e+00
3.110000e+09 0.000000e+00
3.120000e+09 0.000000e+00
3.130000e+09 0.000000e+00
3.140000e+09 0.000000e+00
3.150000e+09 0.000000e+00
3.160000e+09 0.000000e+00
3.170000e+09 0.000000e+00
3.180000e+09 0.000000e+00
3.190000e+09 0.000000e+00
3.200000e+09 0.000000e+00
3.210000e+09 0.000000e+00
3.220000e+09 0.000000e+00
3.230000e+09 0.000000e+00
3.240000e+09 0.000000e+00
3.250000e+09 0.000000e+00
3.260000e+09 0.000000e+00
3.270000e+09 0.000000e+00
3.280000e+09 0.000000e+00
3.290000e+09 0.000000e+00
3.300000e+09 0.000000e+00
3.310000e+09 0.000000e+00
3.320000e+09 0.000000e+00
3.330000e+09 0.000000e+00
3.340000e+09 0.000000e+00
3.350000e+09 0.000000e+00
3.360000e+09 0.000000e+00
3.370000e+09 0.000000e+00
3.380000e+09 0.000000e+00
3.390000e+09 0.000000e+00
3.400000e+09 0.000000e+00
3.410000e+09 0.000000e+00
3.420000e+09 0.000000e+00
3.430000e+09 0.000000e+00
3.440000e+09 0.000000e+00
3.450000e+09 0.000000e+00
3.460000e+09 0.000000e+00
3.470000e+09 0.000000e+00
3.480000e+09 0.000000e+00
3.490000e+09 0.000000e+00
3.500000e+09 0.000000e+00
3.510000e+09 0.000000e+00
3.520000e+09 0.000000e+00
3.530000e+09 0.000000e+00
3.540000e+09 0.000000e+00
3.550000e+09 0.000000e+00
3.560000e+09 0.000000e+00
3.570000e+09 0.000000e+00
3.580000e+09 0.000000e+00
3.590000e+09 0.000000e+00
3.600000e+09 0.000000e+00
3.610000e+09 0.000000e+00
3.620000e+09 0.000000e+00
3.630000e+09 0.000000e+00
3.640000e+09 0.000000e+00
3.650000e+09 0.000000e+00
3.660000e+09 0.000000e+00
3.670000e+09 0.000000e+00
3.680000e+09 0.000000e+00
3.690000e+09 0.000000e+00
3.700000e+09 0.000000e+00
3.710000e+09 0.000000e+00
3.720000e+09 0.000000e+00
3.730000e+09 0.000000e+00
3.740000e+09 0.000000e+00
3.750000e+09 0.000000e+00
3.760000e+09 0.000000e+00
3.770000e+09 0.000000e+00
3.780000e+09 0.000000e+00
3.790000e+09 0.000000e+00
3.800000e+09 0.000000e+00
3.810000e+09 0.000000e+00
3.820000e+09 0.000000e+00
3.830000e+09 0.000000e+00
3.840000e+09 0.000000e+00
3.850000e+09 0.000000e+00
3.860000e+09 0.000000e+00
3.870000e+09 0.000000e+00
3.880000e+09 0.000000e+00
3.890000e+09 0.000000e+00
3.900000e+09 0.000000e+00
3.910000e+09 0.000000e+00
3.920000e+09 0.000000e+00
3.930000e+09 0.000000e+00
3.940000e+09 0.000000e+00
3.950000e+09 0.000000e+00
3.960000e+09 0.000000e+00
3.970000e+09 0.000000e+00
3.980000e+09 0.000000e+00
3.990000e+09 0.000000e+00
4.000000e+09 0.000000e+00
4.010000e+09 0.000000e+00
4.020000e+09 0.000000e+00
4.030000e+09 0.000000e+00
4.040000e+09 0.000000e+00
4.050000e+09 0.000000e+00
4.060000e+09 0.000000e+00
4.070000e+09 0.000000e+00
4.080000e+09 0.000000e+00
4.090000e+09 0.000000e+00
4.100000e+09 0.000000e+00
4.110000e+09 0.000000e+00
4.120000e+09 0.000000e+00
4.130000e+09 0.000000e+00
4.140000e+09 0.000000e+00
4.150000e+09 0.000000e+00
4.160000e+09 0.000000e+00
4.170000e+09 0.000000e+00
4.180000e+09 0.000000e+00
4.190000e+09 0.000000e+00
4.200000e+09 0.000000e+00
4.210000e+09 0.000000e+00
4.220000e+09 0.000000e+00
4.230000e+09 0.000000e+00
4.240000e+09 0.000000e+00
4.250000e+09 0.000000e+00
4.260000e+09 0.000000e+00
4.270000e+09 0.000000e+00
4.280000e+09 0.000000e+00
4.290000e+09 0.000000e+00
4.300000e+09 0.000000e+00
4.310000e+09 0.000000e+00
4.320000e+09 0.000000e+00
4.330000e+09 0.000000e+00
4.340000e+09 0.000000e+00
4.350000e+09 0.000000e+00
4.360000e+09 0.000000e+00
4.370000e+09 0.000000e+00
4.380000e+09 0.000000e+00
4.390000e+09 0.000000e+00
4.400000e+09 0.000000e+00
4.410000e+09 0.000000e+00
4.420000e+09 0.000000e+00
4.430000e+09 0.000000e+00
4.440000e+09 0.000000e+00
4.450000e+09 0.000000e+00
4.460000e+09 0.000000e+00
4.470000e+09 0.000000e+00
4.480000e+09 0.000000e+00
4.490000e+09 0.000000e+00
4.500000e+09 0.000000e+00
4.510000e+09 0.000000e+00
4.520000e+09 0.000000e+00
4.530000e+09 0.000000e+00
4.540000e+09 0.000000e+00
4.550000e+09 0.000000e+00
4.560000e+09 0.000000e+00
4.570000e+09 0.000000e+00
4.580000e+09 0.000000e+00
4.590000e+09 0.000000e+00
4.600000e+09 0.000000e+00
4.610000e+09 0.000000e+00
4.620000e+09 0.000000e+00
4.630000e+09 0.000000e+00
4.640000e+09 0.000000e+00
4.650000e+09 0.000000e+00
4.660000e+09 0.000000e+00
4.670000e+09 0.000000e+00
4.680000e+09 0.000000e+00
4.690000e+09 0.000000e+00
4.700000e+09 0.000000e+00
4.710000e+09 0.000000e+00
4.720000e+09 0.000000e+00
4.730000e+09 0.000000e+00
4.740000e+09 0.000000e+00
4.750000e+09 0.000000e+00
4.760000e+09 0.000000e+00
4.770000e+09 0.000000e+00
4.780000e+09 0.000000e+00
4.790000e+09 0.000000e+00
4.800000e+09 0.000000e+00
4.810000e+09 0.000000e+00
4.820000e+09 0.000000e+00
4.830000e+09 0.000000e+00
4.840000e+09 0.000000e+00
4.850000e+09 0.000000e+00
4.860000e+09 0.000000e+00
4.870000e+09 0.000000e+00
4.880000e+09 0.000000e+00
4.890000e+09 0.000000e+00
4.900000e+09 0.000000e+00
4.910000e+09 0.000000e+00
4.920000e+09 0.000000e+00
4.930000e+09 0.000000e+00
4.940000e+09 0.000000e+00
4.950000e+09 0.000000e+00
4.960000e+09 0.000000e+00
4.970000e+09 0.000000e+00
4.980000e+09 0.000000e+00
4.990000e+09 0.000000e+00
5.000000e+09 0.000000e+00
5.010000e+09 0.000000e+00
5.020000e+09 0.000000e+00
5.030000e+09 0.000000e+00
5.040000e+09 0.000000e+00
5.050000e+09 0.000000e+00
5.060000e+09 0.000000e+00
5.070000e+09 0.000000e+00
5.080000e+09 0.000000e+00
5.090000e+09 0.000000e+00
5.100000e+09 0.000000e+00
5.110000e+09 0.000000e+00
5.120000e+09 0.000000e+00
5.130000e+09 0.000000e+00
5.140000e+09 0.000000e+00
5.150000e+09 0.000000e+00
5.160000e+09 0.000000e+00
5.170000e+09 0.000000e+00
5.180000e+09 0.000000e+00
5.190000e+09 0.000000e+00
5.200000e+09 0.000000e+00
5.210000e+09 0.000000e+00
5.220000e+09 0.000000e+00
5.230000e+09 0.000000e+00
5.240000e+09 0.000000e+00
5.250000e+09 0.000000e+00
5.260000e+09 0.000000e+00
5.270000e+09 0.000000e+00
5.280000e+09 0.000000e+00
5.290000e+09 0.000000e+00
5.300000e+09 0.000000e+00
5.310000e+09 0.000000e+00
5.320000e+09 0.000000e+00
5.330000e+09 0.000000e+00
5.340000e+09 0.000000e+00
5.350000e+09 0.000000e+00
5.360000e+09 0.000000e+00
5.370000e+09 0.000000e+00
5.380000e+09 0.000000e+00
5.390000e+09 0.000000e+00
5.400000e+09 0.000000e+00
5.410000e+09 0.000000e+00
5.420000e+09 0.000000e+00
5.430000e+09 0.000000e+00
5.440000e+09 0.000000e+00
5.450000e+09 0.000000e+00
5.460000e+09 0.000000e+00
5.470000e+09 0.000000e+00
5.480000e+09 0.000000e+00
5.490000e+09 0.000000e+00
5.500000e+09 0.000000e+00
5.510000e+09 0.000000e+00
5.520000e+09 0.000000e+00
5.530000e+09 0.000000e+00
5.540000e+09 0.000000e+00
5.550000e+09 0.000000e+00
5.560000e+09 0.000000e+00
5.570000e+09 0.000000e+00
5.580000e+09 0.000000e+00
5.590000e+09 0.000000e+00
5.600000e+09 0.000000e+00
5.610000e+09 0.000000e+00
5.620000e+09 0.000000e+00
5.630000e+09 0.000000e+00
5.640000e+09 0.000000e+00
5.650000e+09 0.000000e+00
5.660000e+09 0.000000e+00
5.670000e+09 0.000000e+00
5.680000e+09 0.000000e+00
5.690000e+09 0.000000e+00
5.700000e+09 0.000000e+00
5.710000e+09 0.000000e+00
5.720000e+09 0.000000e+00
5.730000e+09 0.000000e+00
5.740000e+09 0.000000e+00
5.750000e+09 0.000000e+00
5.760000e+09 0.000000e+00
5.770000e+09 0.000000e+00
5.780000e+09 0.000000e+00
5.790000e+09 0.000000e+00
5.800000e+09 0.000000e+00
5.810000e+09 0.000000e+00
5.820000e+09 0.000000e+00
5.830000e+09 0.000000e+00
5.840000e+09 0.000000e+00
5.850000e+09 0.000000e+00
5.860000e+09 0.000000e+00
5.870000e+09 0.000000e+00
5.880000e+09 0.000000e+00
5.890000e+09 0.000000e+00
5.900000e+09 0.000000e+00
5.910000e+09 0.000000e+00
5.920000e+09 0.000000e+00
5.930000e+09 0.000000e+00
5.940000e+09 0.000000e+00
5.950000e+09 0.000000e+00
5.960000e+09 0.000000e+00
5.970000e+09 0.000000e+00
5.980000e+09 0.000000e+00
5.990000e+09 0.000000e+00
6.000000e+09 0.000000e+00
6.010000e+09 0.000000e+00
6.020000e+09 0.000000e+00
6.030000e+09 0.000000e+00
6.040000e+09 0.000000e+00
6.050000e+09 0.000000e+00
6.060000e+09 0.000000e+00
6.070000e+09 0.000000e+00
6.080000e+09 0.000000e+00
6.090000e+09 0.000000e+00
6.100000e+09 0.000000e+00
6.110000e+09 0.000000e+00
6.120000e+09 0.000000e+00
6.130000e+09 0.000000e+00
6.140000e+09 0.000000e+00
6.150000e+09 0.000000e+00
6.160000e+09 0.000000e+00
6.170000e+09 0.000000e+00
6.180000e+09 0.000000e+00
6.190000e+09 0.000000e+00
6.200000e+09 0.000000e+00
6.210000e+09 0.000000e+00
6.220000e+09 0.000000e+00
6.230000e+09 0.000000e+00
6.240000e+09 0.000000e+00
6.250000e+09 0.000000e+00
6.260000e+09 0.000000e+00
6.270000e+09 0.000000e+00
6.280000e+09 0.000000e+00
6.290000e+09 0.000000e+00
6.300000e+09 0.000000e+00
6.310000e+09 0.000000e+00
6.320000e+09 0.000000e+00
6.330000e+09 0.000000e+00
6.340000e+09 0.000000e+00
6.350000e+09 0.000000e+00
6.360000e+09 0.000000e+00
6.370000e+09 0.000000e+00
6.380000e+09 0.000000e+00
6.390000e+09 0.000000e+00
6.400000e+09 0.000000e+00
6.410000e+09 0.000000e+00
6.420000e+09 0.000000e+00
6.430000e+09 0.000000e+00
6.440000e+09 0.000000e+00
6.450000e+09 0.000000e+00
6.460000e+09 0.000000e+00
6.470000e+09 0.000000e+00
6.480000e+09 0.000000e+00
6.490000e+09 0.000000e+00
6.500000e+09 0.000000e+00
6.510000e+09 0.000000e+00
6.520000e+09 0.000000e+00
6.530000e+09 0.000000e+00
6.540000e+09 0.000000e+00
6.550000e+09 0.000000e+00
6.560000e+09 0.000000e+00
6.570000e+09 0.000000e+00
6.580000e+09 0.000000e+00
6.590000e+09 0.000000e+00
6.600000e+09 0.000000e+00
6.610000e+09 0.000000e+00
6.620000e+09 0.000000e+00
6.630000e+09 0.000000e+00
6.640000e+09 0.000000e+00
6.650000e+09 0.000000e+00
6.660000e+09 0.000000e+00
6.670000e+09 0.000000e+00
6.680000e+09 0.000000e+00
6.690000e+09 0.000000e+00
6.700000e+09 0.000000e+00
6.710000e+09 0.000000e+00
6.720000e+09 0.000000e+00
6.730000e+09 0.000000e+00
6.740000e+09 0.000000e+00
6.750000e+09 0.000000e+00
6.760000e+09 0.000000e+00
6.770000e+09 0.000000e+00
6.780000e+09 0.000000e+00
6.790000e+09 0.000000e+00
6.800000e+09 0.000000e+00
6.810000e+09 0.000000e+00
6.820000e+09 0.000000e+00
6.830000e+09 0.000000e+00
6.840000e+09 0.000000e+00
6.850000e+09 0.000000e+00
6.860000e+09 0.000000e+00
6.870000e+09 0.000000e+00
6.880000e+09 0.000000e+00
6.890000e+09 0.000000e+00
6.900000e+09 0.000000e+00
6.910000e+09 0.000000e+00
6.920000e+09 0.000000e+00
6.930000e+09 0.000000e+00
6.940000e+09 0.000000e+00
6.950000e+09 0.000000e+00
6.960000e+09 0.000000e+00
6.970000e+09 0.000000e+00
6.980000e+09 0.000000e+00
6.990000e+09 0.000000e+00
7.000000e+09 0.000000e+00
7.010000e+09 0.000000e+00
7.020000e+09 0.000000e+00
7.030000e+09 0.000000e+00
7.040000e+09 0.000000e+00
7.050000e+09 0.000000e+00
7.060000e+09 0.000000e+00
7.070000e+09 0.000000e+00
7.080000e+09 0.000000e+00
7.090000e+09 0.000000e+00
7.100000e+09 0.000000e+00
7.110000e+09 0.000000e+00
7.120000e+09 0.000000e+00
7.130000e+09 0.000000e+00
7.140000e+09 0.000000e+00
7.150000e+09 0.000000e+00
7.160000e+09 0.000000e+00
7.170000e+09 0.000000e+00
7.180000e+09 0.000000e+00
7.190000e+09 0.000000e+00
7.200000e+09 0.000000e+00
7.210000e+09 0.000000e+00
7.220000e+09 0.000000e+00
7.230000e+09 0.000000e+00
7.240000e+09 0.000000e+00
7.250000e+09 0.000000e+00
7.260000e+09 0.000000e+00
7.270000e+09 0.000000e+00
7.280000e+09 0.000000e+00
7.290000e+09 0.000000e+00
7.300000e+09 0.000000e+00
7.310000e+09 0.000000e+00
7.320000e+09 0.000000e+00
7.330000e+09 0.000000e+00
7.340000e+09 0.000000e+00
7.350000e+09 0.000000e+00
7.360000e+09 0.000000e+00
7.370000e+09 0.000000e+00
7.380000e+09 0.000000e+00
7.390000e+09 0.000000e+00
7.400000e+09 0.000000e+00
7.410000e+09 0.000000e+00
7.420000e+09 0.000000e+00
7.430000e+09 0.000000e+00
7.440000e+09 0.000000e+00
7.450000e+09 0.000000e+00
7.460000e+09 0.000000e+00
7.470000e+09 0.000000e+00
7.480000e+09 0.000000e+00
7.490000e+09 0.000000e+00
7.500000e+09 0.000000e+00
7.510000e+09 0.000000e+00
7.520000e+09 0.000000e+00
7.530000e+09 0.000000e+00
7.540000e+09 0.000000e+00
7.550000e+09 0.000000e+00
7.560000e+09 0.000000e+00
7.570000e+09 0.000000e+00
7.580000e+09 0.000000e+00
7.590000e+09 0.000000e+00
7.600000e+09 0.000000e+00
7.610000e+09 0.000000e+00
7.620000e+09 0.000000e+00
7.630000e+09 0.000000e+00
7.640000e+09 0.000000e+00
7.650000e+09 0.000000e+00
7.660000e+09 0.000000e+00
7.670000e+09 0.000000e+00
7.680000e+09 0.000000e+00
7.690000e+09 0.000000e+00
7.700000e+09 0.000000e+00
7.710000e+09 0.000000e+00
7.720000e+09 0.000000e+00
7.730000e+09 0.000000e+00
7.740000e+09 0.000000e+00
7.750000e+09 0.000000e+00
7.760000e+09 0.000000e+00
7.770000e+09 0.000000e+00
7.780000e+09 0.000000e+00
7.790000e+09 0.000000e+00
7.800000e+09 0.000000e+00
7.810000e+09 0.000000e+00
7.820000e+09 0.000000e+00
7.830000e+09 0.000000e+00
7.840000e+09 0.000000e+00
7.850000e+09 0.000000e+00
7.860000e+09 0.000000e+00
7.870000e+09 0.000000e+00
7.880000e+09 0.000000e+00
7.890000e+09 0.000000e+00
7.900000e+09 0.000000e+00
7.910000e+09 0.000000e+00
7.920000e+09 0.000000e+00
7.930000e+09 0.000000e+00
7.940000e+09 0.000000e+00
7.950000e+09 0.000000e+00
7.960000e+09 0.000000e+00
7.970000e+09 0.000000e+00
7.980000e+09 0.000000e+00
7.990000e+09 0.000000e+00
8.000000e+09 0.000000e+00
8.010000e+09 0.000000e+00
8.020000e+09 0.000000e+00
8.030000e+09 0.000000e+00
8.040000e+09 0.000000e+00
8.050000e+09 0.000000e+00
8.060000e+09 0.000000e+00
8.070000e+09 0.000000e+00
8.080000e+09 0.000000e+00
8.090000e+09 0.000000e+00
8.100000e+09 0.000000e+00
8.110000e+09 0.000000e+00
8.120000e+09 0.000000e+00
8.130000e+09 0.000000e+00
8.140000e+09 0.000000e+00
8.150000e+09 0.000000e+00
8.160000e+09 0.000000e+00
8.170000e+09 0.000000e+00
8.180000e+09 0.000000e+00
8.190000e+09 0.000000e+00
8.200000e+09 0.000000e+00
8.210000e+09 0.000000e+00
8.220000e+09 0.000000e+00
8.230000e+09 0.000000e+00
8.240000e+09 0.000000e+00
8.250000e+09 0.000000e+00
8.260000e+09 0.000000e+00
8.270000e+09 0.000000e+00
8.280000e+09 0.000000e+00
8.290000e+09 0.000000e+00
8.300000e+09 0.000000e+00
8.310000e+09 0.000000e+00
8.320000e+09 0.000000e+00
8.330000e+09 0.000000e+00
8.340000e+09 0.000000e+00
8.350000e+09 0.000000e+00
8.360000e+09 0.000000e+00
8.370000e+09 0.000000e+00
8.380000e+09 0.000000e+00
8.390000e+09 0.000000e+00
8.400000e+09 0.000000e+00
8.410000e+09 0.000000e+00
8.420000e+09 0.000000e+00
8.430000e+09 0.000000e+00
8.440000e+09 0.000000e+00
8.450000e+09 0.000000e+00
8.460000e+09 0.000000e+00
8.470000e+09 0.000000e+00
8.480000e+09 0.000000e+00
8.490000e+09 0.000000e+00
8.500000e+09 0.000000e+00
8.510000e+09 0.000000e+00
8.520000e+09 0.000000e+00
8.530000e+09 0.000000e+00
8.540000e+09 0.000000e+00
8.550000e+09 0.000000e+00
8.560000e+09 0.000000e+00
8.570000e+09 0.000000e+00
8.580000e+09 0.000000e+00
8.590000e+09 0.000000e+00
8.600000e+09 0.000000e+00
8.610000e+09 0.000000e+00
8.620000e+09 0.000000e+00
8.630000e+09 0.000000e+00
8.640000e+09 0.000000e+00
8.650000e+09 0.000000e+00
8.660000e+09 0.000000e+00
8.670000e+09 0.000000e+00
8.680000e+09 0.000000e+00
8.690000e+09 0.000000e+00
8.700000e+09 0.000000e+00
8.710000e+09 0.000000e+00
8.720000e+09 0.000000e+00
8.730000e+09 0.000000e+00
8.740000e+09 0.000000e+00
8.750000e+09 0.000000e+00
8.760000e+09 0.000000e+00
8.770000e+09 0.000000e+00
8.780000e+09 0.000000e+00
8.790000e+09 0.000000e+00
8.800000e+09 0.000000e+00
8.810000e+09 0.000000e+00
8.820000e+09 0.000000e+00
8.830000e+09 0.000000e+00
8.840000e+09 0.000000e+00
8.850000e+09 0.000000e+00
8.860000e+09 0.000000e+00
8.870000e+09 0.000000e+00
8.880000e+09 0.000000e+00
8.890000e+09 0.000000e+00
8.900000e+09 0.000000e+00
8.910000e+09 0.000000e+00
8.920000e+09 0.000000e+00
8.930000e+09 0.000000e+00
8.940000e+09 0.000000e+00
8.950000e+09 0.000000e+00
8.960000e+09 0.000000e+00
8.970000e+09 0.000000e+00
8.980000e+09 0.000000e+00
8.990000e+09 0.000000e+00
9.000000e+09 0.000000e+00
9.010000e+09 0.000000e+00
9.020000e+09 0.000000e+00
9.030000e+09 0.000000e+00
9.040000e+09 0.000000e+00
9.050000e+09 0.000000e+00
9.060000e+09 0.000000e+00
9.070000e+09 0.000000e+00
9.080000e+09 0.000000e+00
9.090000e+09 0.000000e+00
9.100000e+09 0.000000e+00
9.110000e+09 0.000000e+00
9.120000e+09 0.000000e+00
9.130000e+09 0.000000e+00
9.140000e+09 0.000000e+00
9.150000e+09 0.000000e+00
9.160000e+09 0.000000e+00
9.170000e+09 0.000000e+00
9.180000e+09 0.000000e+00
9.190000e+09 0.000000e+00
9.200000e+09 0.000000e+00
9.210000e+09 0.000000e+00
9.220000e+09 0.000000e+00
9.230000e+09 0.000000e+00
9.240000e+09 0.000000e+00
9.250000e+09 0.000000e+00
9.260000e+09 0.000000e+00
9.270000e+09 0.000000e+00
9.280000e+09 0.000000e+00
9.290000e+09 0.000000e+00
9.300000e+09 0.000000e+00
9.310000e+09 0.000000e+00
9.320000e+09 0.000000e+00
9.330000e+09 0.000000e+00
9.340000e+09 0.000000e+00
9.350000e+09 0.000000e+00
9.360000e+09 0.000000e+00
9.370000e+09 0.000000e+00
9.380000e+09 0.000000e+00
9.390000e+09 0.000000e+00
9.400000e+09 0.000000e+00
9.410000e+09 0.000000e+00
9.420000e+09 0.000000e+00
9.430000e+09 0.000000e+00
9.440000e+09 0.000000e+00
9.450000e+09 0.000000e+00
9.460000e+09 0.000000e+00
9.470000e+09 0.000000e+00
9.480000e+09 0.000000e+00
9.490000e+09 0.000000e+00
9.500000e+09 0.000000e+00
9.510000e+09 0.000000e+00
9.520000e+09 0.000000e+00
9.530000e+09 0.000000e+00
9.540000e+09 0.000000e+00
9.550000e+09 0.000000e+00
9.560000e+09 0.000000e+00
9.570000e+09 0.000000e+00
9.580000e+09 0.000000e+00
9.590000e+09 0.000000e+00
9.600000e+09 0.000000e+00
9.610000e+09 0.000000e+00
9.620000e+09 0.000000e+00
9.630000e+09 0.000000e+00
9.640000e+09 0.000000e+00
9.650000e+09 0.000000e+00
9.660000e+09 0.000000e+00
9.670000e+09 0.000000e+00
9.680000e+09 0.000000e+00
9.690000e+09 0.000000e+00
9.700000e+09 0.000000e+00
9.710000e+09 0.000000e+00
9.720000e+09 0.000000e+00
9.730000e+09 0.000000e+00
9.740000e+09 0.000000e+00
9.750000e+09 0.000000e+00
9.760000e+09 0.000000e+00
9.770000e+09 0.000000e+00
9.780000e+09 0.000000e+00
9.790000e+09 0.000000e+00
9.800000e+09 0.000000e+00
9.810000e+09 0.000000e+00
9.820000e+09 0.000000e+00
9.830000e+09 0.000000e+00
9.840000e+09 0.000000e+00
9.850000e+09 0.000000e+00
9.860000e+09 0.000000e+00
9.870000e+09 0.000000e+00
9.880000e+09 0.000000e+00
9.890000e+09 0.000000e+00
9.900000e+09 0.000000e+00
9.910000e+09 0.000000e+00
9.920000e+09 0.000000e+00
9.930000e+09 0.000000e+00
9.940000e+09 0.000000e+00
9.950000e+09 0.000000e+00
9.960000e+09 0.000000e+00
9.970000e+09 0.000000e+00
9.980000e+09 0.000000e+00
9.990000e+09 0.000000e+00
1.000000e+10 0.000000e+00
1.001000e+10 0.000000e+00
1.002000e+10 0.000000e+00
1.003000e+10 0.000000e+00
1.004000e+10 0.000000e+00
1.005000e+10 0.000000e+00
1.006000e+10 0.000000e+00
1.007000e+10 0.000000e+00
1.008000e+10 0.000000e+00
1.009000e+10 0.000000e+00
1.010000e+10 0.000000e+00
1.011000e+10 0.000000e+00
1.012000e+10 0.000000e+00
1.013000e+10 0.000000e+00
1.014000e+10 0.000000e+00
1.015000e+10 0.000000e+00
1.016000e+10 0.000000e+00
1.017000e+10 0.000000e+00
1.018000e+10 0.000000e+00
1.019000e+10 0.000000e+00
1.020000e+10 0.000000e+00
1.021000e+10 0.000000e+00
1.022000e+10 0.000000e+00
1.023000e+10 0.000000e+00
1.024000e+10 0.000000e+00
1.025000e+10 0.000000e+00
1.026000e+10 0.000000e+00
1.027000e+10 0.000000e+00
1.028000e+10 0.000000e+00
1.029000e+10 0.000000e+00
1.030000e+10 0.000000e+00
1.031000e+10 0.000000e+00
1.032000e+10 0.000000e+00
1.033000e+10 0.000000e+00
1.034000e+10 0.000000e+00
1.035000e+10 0.000000e+00
1.036000e+10 0.000000e+00
1.037000e+10 0.000000e+00
1.038000e+10 0.000000e+00
1.039000e+10 0.000000e+00
1.040000e+10 0.000000e+00
1.041000e+10 0.000000e+00
1.042000e+10 0.000000e+00
1.043000e+10 0.000000e+00
1.044000e+10 0.000000e+00
1.045000e+10 0.000000e+00
1.046000e+10 0.000000e+00
1.047000e+10 0.000000e+00
1.048000e+10 0.000000e+00
1.049000e+10 0.000000e+00
1.050000e+10 0.000000e+00
1.051000e+10 0.000000e+00
1.052000e+10 0.000000e+00
1.053000e+10 0.000000e+00
1.054000e+10 0.000000e+00
1.055000e+10 0.000000e+00
1.056000e+10 0.000000e+00
1.057000e+10 0.000000e+00
1.058000e+10 0.000000e+00
1.059000e+10 0.000000e+00
1.060000e+10 0.000000e+00
1.061000e+10 0.000000e+00
1.062000e+10 0.000000e+00
1.063000e+10 0.000000e+00
1.064000e+10 0.000000e+00
1.065000e+10 0.000000e+00
1.066000e+10 0.000000e+00
1.067000e+10 0.000000e+00
1.068000e+10 0.000000e+00
1.069000e+10 0.000000e+00
1.070000e+10 0.000000e+00
1.071000e+10 0.000000e+00
1.072000e+10 0.000000e+00
1.073000e+10 0.000000e+00
1.074000e+10 0.000000e+00
1.075000e+10 0.000000e+00
1.076000e+10 0.000000e+00
1.077000e+10 0.000000e+00
1.078000e+10 0.000000e+00
1.079000e+10 0.000000e+00
1.080000e+10 0.000000e+00
1.081000e+10 0.000000e+00
1.082000e+10 0.000000e+00
1.083000e+10 0.000000e+00
1.084000e+10 0.000000e+00
1.085000e+10 0.000000e+00
1.086000e+10 0.000000e+00
1.087000e+10 0.000000e+00
1.088000e+10 0.000000e+00
1.089000e+10 0.000000e+00
1.090000e+10 0.000000e+00
1.091000e+10 0.000000e+00
1.092000e+10 0.000000e+00
1.093000e+10 0.000000e+00
1.094000e+10 0.000000e+00
1.095000e+10 0.000000e+00
1.096000e+10 0.000000e+00
1.097000e+10 0.000000e+00
1.098000e+10 0.000000e+00
1.099000e+10 0.000000e+00
1.100000e+10 0.000000e+00
1.101000e+10 0.000000e+00
1.102000e+10 0.000000e+00
1.103000e+10 0.000000e+00
1.104000e+10 0.000000e+00
1.105000e+10 0.000000e+00
1.106000e+10 0.000000e+00
1.107000e+10 0.000000e+00
1.108000e+10 0.000000e+00
1.109000e+10 0.000000e+00
1.110000e+10 0.000000e+00
1.111000e+10 0.000000e+00
1.112000e+10 0.000000e+00
1.113000e+10 0.000000e+00
1.114000e+10 0.000000e+00
1.115000e+10 0.000000e+00
1.116000e+10 0.000000e+00
1.117000e+10 0.000000e+00
1.118000e+10 0.000000e+00
1.119000e+10 0.000000e+00
1.120000e+10 0.000000e+00
1.121000e+10 0.000000e+00
1.122000e+10 0.000000e+00
1.123000e+10 0.000000e+00
1.124000e+10 0.000000e+00
1.125000e+10 0.000000e+00
1.126000e+10 0.000000e+00
1.127000e+10 0.000000e+00
1.128000e+10 0.000000e+00
1.129000e+10 0.000000e+00
1.130000e+10 0.000000e+00
1.131000e+10 0.000000e+00
1.132000e+10 0.000000e+00
1.133000e+10 0.000000e+00
1.134000e+10 0.000000e+00
1.135000e+10 0.000000e+00
1.136000e+10 0.000000e+00
1.137000e+10 0.000000e+00
1.138000e+10 0.000000e+00
1.139000e+10 0.000000e+00
1.140000e+10 0.000000e+00
1.141000e+10 0.000000e+00
1.142000e+10 0.000000e+00
1.143000e+10 0.000000e+00
1.144000e+10 0.000000e+00
1.145000e+10 0.000000e+00
1.146000e+10 0.000000e+00
1.147000e+10 0.000000e+00
1.148000e+10 0.000000e+00
1.149000e+10 0.000000e+00
1.150000e+10 0.000000e+00
1.151000e+10 0.000000e+00
1.152000e+10 0.000000e+00
1.153000e+10 0.000000e+00
1.154000e+10 0.000000e+00
1.155000e+10 0.000000e+00
1.156000e+10 0.000000e+00
1.157000e+10 0.000000e+00
1.158000e+10 0.000000e+00
1.159000e+10 0.000000e+00
1.160000e+10 0.000000e+00
1.161000e+10 0.000000e+00
1.162000e+10 0.000000e+00
1.163000e+10 0.000000e+00
1.164000e+10 0.000000e+00
1.165000e+10 0.000000e+00
1.166000e+10 0.000000e+00
1.167000e+10 0.000000e+00
1.168000e+10 0.000000e+00
1.169000e+10 0.000000e+00
1.170000e+10 0.000000e+00
1.171000e+10 0.000000e+00
1.172000e+10 0.000000e+00
1.173000e+10 0.000000e+00
1.174000e+10 0.000000e+00
1.175000e+10 0.000000e+00
1.176000e+10 0.000000e+00
1.177000e+10 0.000000e+00
1.178000e+10 0.000000e+00
1.179000e+10 0.000000e+00
1.180000e+10 0.000000e+00
1.181000e+10 0.000000e+00
1.182000e+10 0.000000e+00
1.183000e+10 0.000000e+00
1.184000e+10 0.000000e+00
1.185000e+10 0.000000e+00
1.186000e+10 0.000000e+00
1.187000e+10 0.000000e+00
1.188000e+10 0.000000e+00
1.189000e+10 0.000000e+00
1.190000e+10 0.000000e+00
1.191000e+10 0.000000e+00
1.192000e+10 0.000000e+00
1.193000e+10 0.000000e+00
1.194000e+10 0.000000e+00
1.195000e+10 0.000000e+00
1.196000e+10 0.000000e+00
1.197000e+10 0.000000e+00
1.198000e+10 0.000000e+00
1.199000e+10 0.000000e+00
1.200000e+10 0.000000e+00
1.201000e+10 0.000000e+00
1.202000e+10 0.000000e+00
1.203000e+10 0.000000e+00
1.204000e+10 0.000000e+00
1.205000e+10 0.000000e+00
1.206000e+10 0.000000e+00
1.207000e+10 0.000000e+00
1.208000e+10 0.000000e+00
1.209000e+10 0.000000e+00
1.210000e+10 0.000000e+00
1.211000e+10 0.000000e+00
1.212000e+10 0.000000e+00
1.213000e+10 0.000000e+00
1.214000e+10 0.000000e+00
1.215000e+10 0.000000e+00
1.216000e+10 0.000000e+00
1.217000e+10 0.000000e+00
1.218000e+10 0.000000e+00
1.219000e+10 0.000000e+00
1.220000e+10 0.000000e+00
1.221000e+10 0.000000e+00
1.222000e+10 0.000000e+00
1.223000e+10 0.000000e+00
1.224000e+10 0.000000e+00
1.225000e+10 0.000000e+00
1.226000e+10 0.000000e+00
1.227000e+10 0.000000e+00
1.228000e+10 0.000000e+00
1.229000e+10 0.000000e+00
1.230000e+10 0.000000e+00
1.231000e+10 0.000000e+00
1.232000e+10 0.000000e+00
1.233000e+10 0.000000e+00
1.234000e+10 0.000000e+00
1.235000e+10 0.000000e+00
1.236000e+10 0.000000e+00
1.237000e+10 0.000000e+00
1.238000e+10 0.000000e+00
1.239000e+10 0.000000e+00
1.240000e+10 0.000000e+00
1.241000e+10 0.000000e+00
1.242000e+10 0.000000e+00
1.243000e+10 0.000000e+00
1.244000e+10 0.000000e+00
1.245000e+10 0.000000e+00
1.246000e+10 0.000000e+00
1.247000e+10 0.000000e+00
1.248000e+10 0.000000e+00
1.249000e+10 0.000000e+00
1.250000e+10 0.000000e+00
1.251000e+10 0.000000e+00
1.252000e+10 0.000000e+00
1.253000e+10 0.000000e+00
1.254000e+10 0.000000e+00
1.255000e+10 0.000000e+00
1.256000e+10 0.000000e+00
1.257000e+10 0.000000e+00
1.258000e+10 0.000000e+00
1.259000e+10 0.000000e+00
1.260000e+10 0.000000e+00
1.261000e+10 0.000000e+00
1.262000e+10 0.000000e+00
1.263000e+10 0.000000e+00
1.264000e+10 0.000000e+00
1.265000e+10 0.000000e+00
1.266000e+10 0.000000e+00
1.267000e+10 0.000000e+00
1.268000e+10 0.000000e+00
1.269000e+10 0.000000e+00
1.270000e+10 0.000000e+00
1.271000e+10 0.000000e+00
1.272000e+10 0.000000e+00
1.273000e+10 0.000000e+00
1.274000e+10 0.000000e+00
1.275000e+10 0.000000e+00
1.276000e+10 0.000000e+00
1.277000e+10 0.000000e+00
1.278000e+10 0.000000e+00
1.279000e+10 0.000000e+00
1.280000e+10 0.000000e+00
1.281000e+10 0.000000e+00
1.282000e+10 0.000000e+00
1.283000e+10 0.000000e+00
1.284000e+10 0.000000e+00
1.285000e+10 0.000000e+00
1.286000e+10 0.000000e+00
1.287000e+10 0.000000e+00
1.288000e+10 0.000000e+00
1.289000e+10 0.000000e+00
1.290000e+10 0.000000e+00
1.291000e+10 0.000000e+00
1.292000e+10 0.000000e+00
1.293000e+10 0.000000e+00
1.294000e+10 0.000000e+00
1.295000e+10 0.000000e+00
1.296000e+10 0.000000e+00
1.297000e+10 0.000000e+00
1.298000e+10 0.000000e+00
1.299000e+10 0.000000e+00
1.300000e+10 0.000000e+00
1.301000e+10 0.000000e+00
1.302000e+10 0.000000e+00
1.303000e+10 0.000000e+00
1.304000e+10 0.000000e+00
1.305000e+10 0.000000e+00
1.306000e+10 0.000000e+00
1.307000e+10 0.000000e+00
1.308000e+10 0.000000e+00
1.309000e+10 0.000000e+00
1.310000e+10 0.000000e+00
1.311000e+10 0.000000e+00
1.312000e+10 0.000000e+00
1.313000e+10 0.000000e+00
1.314000e+10 0.000000e+00
1.315000e+10 0.000000e+00
1.316000e+10 0.000000e+00
1.317000e+10 0.000000e+00
1.318000e+10 0.000000e+00
1.319000e+10 0.000000e+00
1.320000e+10 0.000000e+00
1.321000e+10 0.000000e+00
1.322000e+10 0.000000e+00
1.323000e+10 0.000000e+00
1.324000e+10 0.000000e+00
1.325000e+10 0.000000e+00
1.326000e+10 0.000000e+00
1.327000e+10 0.000000e+00
1.328000e+10 0.000000e+00
1.329000e+10 0.000000e+00
1.330000e+10 0.000000e+00
1.331000e+10 0.000000e+00
1.332000e+10 0.000000e+00
1.333000e+10 0.000000e+00
1.334000e+10 0.000000e+00
1.335000e+10 0.000000e+00
1.336000e+10 0.000000e+00
1.337000e+10 0.000000e+00
1.338000e+10 0.000000e+00
1.339000e+10 0.000000e+00
1.340000e+10 0.000000e+00
1.341000e+10 0.000000e+00
1.342000e+10 0.000000e+00
1.343000e+10 0.000000e+00
1.344000e+10 0.000000e+00
1.345000e+10 0.000000e+00
1.346000e+10 0.000000e+00
1.347000e+10 0.000000e+00
1.348000e+10 0.000000e+00
1.349000e+10 0.000000e+00
1.350000e+10 0.000000e+00
1.351000e+10 0.000000e+00
1.352000e+10 0.000000e+00
1.353000e+10 0.000000e+00
1.354000e+10 0.000000e+00
1.355000e+10 0.000000e+00
1.356000e+10 0.000000e+00
1.357000e+10 0.000000e+00
1.358000e+10 0.000000e+00
1.359000e+10 0.000000e+00
1.360000e+10 0.000000e+00
1.361000e+10 0.000000e+00
1.362000e+10 0.000000e+00
1.363000e+10 0.000000e+00
1.363400e+10 0.000000e+00
